281 0.999656893355
210 0.999170799669
473 0.998752517661
677 0.998274824944
299 0.995783178675
61 0.993767644526
947 0.993708934423
904 0.993186555401
112 0.992421899488
577 0.991379387888
513 0.990637348335
220 0.990470191022
996 0.989538331946
805 0.987389276433
713 0.98732771541
526 0.987257490999
819 0.986999442768
971 0.985639037648
604 0.985299870762
11 0.984653534707
189 0.984604429343
701 0.98421081782
391 0.983939169113
637 0.982834600352
828 0.98222005477
683 0.980782589268
199 0.979923783388
757 0.979254490288
389 0.977807117708
426 0.976588260009
336 0.976410417296
502 0.976360607653
402 0.9745198057
151 0.973281903004
288 0.973061431171
177 0.972598724442
693 0.972112416005
585 0.969347406313
353 0.966120970176
265 0.963058482116
700 0.962877474585
779 0.961610847435
709 0.958289000167
564 0.957987313067
309 0.957734735671
162 0.957166621554
4 0.955911810363
672 0.955118187038
952 0.95301451086
305 0.95294025015
589 0.952497410073
481 0.952171096242
942 0.950878282844
469 0.950823912586
601 0.950597539751
185 0.948483215557
445 0.946739418128
898 0.945008682242
134 0.944911560759
227 0.943927725557
938 0.942857794176
349 0.941350730361
275 0.940821222493
657 0.940032545781
87 0.938853922824
154 0.938479590607
264 0.938305609177
190 0.937708532433
790 0.936827679113
668 0.934994683429
552 0.933213593144
68 0.93263247787
914 0.932590062866
367 0.928928075979
568 0.928505915856
711 0.927611617346
239 0.926728259575
312 0.926354609279
192 0.924804587393
662 0.922442769278
256 0.92029527235
974 0.920203081956
296 0.918916460082
716 0.91882892684
92 0.918568392991
848 0.918217052604
492 0.916793280573
341 0.914982758917
742 0.914843269026
786 0.91269268638
538 0.912147244227
781 0.912082505097
216 0.911173162278
142 0.910449657574
143 0.90798020004
497 0.907565456361
948 0.90432072602
178 0.903213605849
759 0.903007520451
530 0.90230651465
738 0.902234812431
978 0.901542574422
278 0.900034117669
572 0.899290301096
751 0.898820184364
750 0.898445898905
533 0.897781827818
871 0.896570254666
690 0.896558028347
652 0.892892861165
962 0.891802839756
830 0.891705192222
242 0.891634468908
593 0.890094507135
8 0.889161673646
752 0.888991639577
639 0.886080055873
917 0.885695621127
740 0.88466350741
712 0.884369188869
866 0.882911868681
949 0.881839256507
56 0.881465931393
616 0.880845298858
397 0.880378372881
313 0.879382844237
436 0.879035019018
133 0.878171519114
194 0.877520332909
703 0.876475343098
992 0.875848788481
877 0.873045272532
842 0.872493001787
749 0.872047431254
351 0.871831064743
135 0.870521457616
454 0.868959912779
727 0.868001513658
337 0.867595959831
15 0.864515582891
549 0.864402430855
122 0.863757491603
583 0.862921316264
633 0.861755237644
636 0.859648308202
140 0.859280841856
640 0.857590184717
280 0.856317398036
418 0.855981391769
756 0.855884814479
634 0.85564048818
548 0.854157655995
294 0.853443108396
413 0.853142771333
241 0.852724387206
872 0.851821274389
628 0.850276974594
520 0.849930260778
392 0.849116514136
327 0.848403266381
780 0.848020310687
629 0.84771700626
289 0.843676995812
679 0.843346120615
408 0.843005914549
79 0.842917050981
744 0.840628574886
735 0.837182782898
873 0.836553944166
975 0.835401200244
665 0.834568964542
695 0.834111987155
586 0.833922936097
696 0.832221990263
685 0.830325027984
231 0.829714642702
429 0.829507834658
846 0.829037340694
534 0.825878155594
435 0.825699172633
615 0.825298840605
432 0.822359537868
968 0.821787072556
540 0.821776287571
630 0.820472494872
396 0.820447040021
638 0.81980420991
342 0.817038612772
270 0.816740271856
908 0.816674341543
906 0.815936769821
985 0.815663441397
100 0.81348026517
159 0.81281008747
319 0.812148478272
125 0.810959343172
385 0.810759639717
862 0.810396404519
141 0.81036827632
211 0.809038206557
705 0.807999250228
623 0.807412878254
576 0.807273880479
260 0.806105356682
183 0.805970883469
514 0.805582383354
85 0.805172011564
600 0.801770991373
107 0.798715617533
40 0.796550193533
981 0.795472853402
82 0.794236464224
686 0.791787824982
631 0.790130732918
762 0.789720209082
678 0.788391914386
439 0.788270509779
90 0.788269465108
17 0.784857869063
796 0.78228256374
156 0.781121074944
507 0.77942415898
841 0.777232310843
344 0.777223535434
723 0.775334950796
217 0.774108655883
717 0.774101219789
438 0.773649000424
39 0.773636146861
581 0.773417311223
258 0.77339405522
195 0.772508959424
594 0.770512909863
98 0.770338314552
316 0.769125018944
903 0.767956250313
300 0.766955726261
128 0.766507639419
303 0.766451289883
826 0.765281302418
818 0.764914904668
277 0.764322838941
447 0.763096318666
324 0.762494795998
609 0.762381544643
308 0.76219420572
933 0.76210545593
516 0.761812428787
93 0.76114916489
421 0.759517585928
209 0.756420377931
486 0.755859565815
463 0.755858202961
849 0.751612409447
20 0.750013400396
434 0.749791422462
276 0.749519758772
784 0.748003426383
760 0.747851610077
244 0.746615839508
250 0.74514603874
38 0.74250881387
332 0.742120496354
387 0.742111064751
505 0.741740937433
995 0.741142274673
961 0.741069358108
791 0.739209329654
203 0.736873855508
747 0.73529166945
741 0.733915590406
731 0.732346655956
333 0.731508422841
483 0.730895931313
797 0.730868444822
858 0.728519875052
446 0.727100415108
246 0.725536980388
262 0.725484287623
198 0.72543098471
457 0.725140080313
720 0.721315373251
999 0.721026109388
301 0.720723456635
734 0.720603131921
895 0.720101262027
489 0.719627541745
76 0.711771628863
597 0.711740668997
26 0.709916495386
993 0.709037263929
754 0.708826695219
579 0.70798415479
69 0.707153542725
467 0.707014653098
331 0.706501699925
864 0.706038997069
54 0.704676452824
124 0.70433127292
879 0.703798889754
493 0.703505001388
587 0.702356221912
257 0.700680868037
956 0.693599719033
70 0.692027853998
957 0.691280997909
3 0.690454850537
119 0.689390993842
482 0.688699658782
911 0.6858199991
157 0.685226404411
542 0.684845702994
909 0.684250857361
472 0.684172719268
855 0.683817185744
370 0.683365916132
170 0.683255881394
46 0.682747873448
9 0.680959550623
456 0.680537290574
261 0.678408639456
867 0.676649427037
619 0.674973725372
263 0.671076279948
793 0.670999448126
930 0.670377863619
792 0.669131976934
822 0.668836961195
748 0.665518114951
924 0.6654805014
116 0.664905317968
224 0.664105422706
97 0.662258973909
375 0.661989597828
146 0.661458741882
730 0.661448012836
512 0.660723864771
468 0.659689939733
329 0.659570807751
598 0.658747162696
761 0.658227128057
94 0.656948107418
293 0.656096862691
419 0.655197400874
611 0.654266511211
844 0.652823974335
23 0.652727161535
664 0.650956739724
245 0.650572781204
495 0.650519060106
673 0.650223631243
197 0.650209413769
7 0.646846698295
415 0.646217757147
945 0.645889250851
834 0.644813438176
252 0.643633035817
644 0.643210248653
563 0.643008311541
43 0.642253439142
131 0.641050143335
354 0.640028670796
148 0.639013461348
5 0.638732641609
772 0.638702770221
452 0.638204361649
358 0.637789916311
362 0.63773987442
440 0.635859999599
726 0.634321928731
29 0.632081561889
414 0.631401768497
496 0.629733922982
343 0.629432395773
328 0.628873193476
352 0.628849606751
181 0.627828913885
259 0.626432777645
543 0.625785349578
306 0.624769667676
684 0.624665457075
219 0.623967799147
238 0.622561481789
16 0.622540564427
694 0.622315335197
123 0.621154092542
773 0.620884888896
986 0.62076575349
404 0.620451729794
266 0.618734599392
12 0.618730171299
60 0.616207279451
746 0.61603475637
923 0.615590898195
393 0.614835416562
715 0.614650054588
943 0.613435731721
595 0.612379176187
453 0.609633506109
503 0.607963819907
603 0.605615798646
323 0.603490604457
836 0.603396391775
788 0.60108703393
560 0.594744343235
152 0.594396166227
25 0.593918869418
569 0.593300481946
184 0.593062687288
875 0.592914210529
411 0.592723543664
737 0.592208292033
317 0.590762016645
388 0.590369942067
782 0.590296325725
769 0.59010833731
36 0.588721098417
431 0.587960551863
966 0.58707424894
919 0.586729588877
777 0.586362894758
103 0.585338996808
783 0.585203449477
491 0.58366251648
30 0.581984994954
680 0.58133138442
480 0.57690218243
845 0.576645065243
606 0.575641031733
546 0.574454631593
214 0.572513019518
228 0.571409734402
350 0.571216994805
561 0.570247069222
147 0.570116956668
739 0.568822797423
910 0.56767047128
537 0.567120252592
88 0.566474655789
584 0.566321118573
854 0.565760006227
115 0.562529832225
856 0.562043814647
243 0.561882569799
614 0.56139632099
84 0.561259276822
48 0.55762629771
80 0.557376965387
707 0.555966025895
544 0.552342855037
320 0.551942360809
817 0.549304773944
180 0.549008386771
967 0.548929914541
173 0.54872334972
613 0.547392364347
233 0.547140322298
96 0.544631736968
588 0.543893016879
766 0.542780117956
508 0.54277325351
888 0.541887332139
347 0.541548755158
532 0.541533071095
204 0.541281954305
490 0.540367286952
511 0.540053563982
977 0.539933290284
268 0.538564552727
464 0.535282238479
840 0.535202010798
121 0.533542366752
443 0.533481047062
249 0.532731146385
612 0.531646415366
42 0.531502701931
213 0.531233759957
360 0.53094734568
292 0.530657101464
522 0.528962020719
449 0.52755346108
71 0.527325656065
814 0.52714366889
646 0.526685580759
376 0.525125714475
575 0.524970193609
704 0.524704339611
681 0.522898736498
922 0.522664757435
654 0.520356533117
407 0.520060110403
221 0.517424146539
109 0.513902305397
104 0.512012584195
307 0.511974162714
565 0.51188807022
218 0.511558737768
950 0.51001858615
400 0.510000085375
166 0.509215614034
346 0.508993412083
237 0.507352335488
226 0.506735176535
659 0.506193909537
889 0.50608234451
787 0.50413439543
62 0.504115574738
58 0.503167926591
675 0.502986748503
641 0.5014257226
55 0.499754621153
466 0.499318057172
171 0.499003988572
602 0.497789431725
699 0.497272356478
83 0.495584495741
279 0.494753685472
821 0.493260608209
729 0.491611553911
625 0.491528722098
899 0.487671926916
102 0.487533711492
286 0.486710266739
824 0.482338857103
462 0.479229803969
251 0.478854917559
212 0.478714833354
33 0.477825709086
811 0.476572697143
964 0.475854755016
958 0.474109130169
437 0.473397737356
946 0.47277752921
689 0.471886471238
186 0.471775845371
810 0.470403086992
461 0.469695045513
984 0.465668071255
674 0.465475268331
441 0.464882522335
509 0.461608453027
269 0.461282681583
175 0.458033030286
64 0.454096541107
592 0.453684688443
785 0.451918594024
371 0.45171530478
2 0.451134933172
643 0.450897716583
648 0.450512504536
901 0.449567552232
448 0.448064054452
571 0.447798579704
365 0.447552849538
719 0.444947562218
801 0.444459245756
338 0.443568893071
63 0.442147651508
416 0.440714382606
880 0.439171446156
553 0.43644703011
420 0.434647906117
378 0.434433477351
837 0.433706307667
767 0.433589910271
176 0.433535417556
554 0.43307112399
21 0.431808315333
847 0.430540230211
882 0.430007698584
326 0.429624246053
940 0.429524503204
626 0.428994672013
850 0.428689824917
831 0.426345814876
972 0.424616636083
78 0.423895388639
487 0.423732285877
41 0.422674736385
885 0.422337105593
808 0.418305140391
1 0.418056480809
851 0.417622630232
49 0.416151375267
861 0.414425245751
284 0.411411513808
551 0.41000238865
567 0.406622141111
380 0.406361459281
340 0.405099526116
765 0.4050244913
959 0.404492888176
310 0.403656458715
459 0.403640023585
617 0.402670411761
95 0.402476802799
832 0.401287188542
208 0.401226607422
330 0.40099512875
412 0.398380672497
795 0.397879088754
954 0.397288302376
295 0.396830712467
599 0.396083987378
706 0.395801191153
960 0.39559083686
645 0.395548391443
476 0.395076117417
884 0.394591638415
108 0.394113632973
989 0.393268667572
529 0.39011994938
424 0.389122724346
524 0.386112359838
229 0.385177987156
714 0.38463221688
669 0.384578888916
111 0.384549764859
807 0.383940901236
201 0.383698549065
57 0.380317259795
813 0.379633372898
390 0.37861981621
161 0.376998211608
165 0.376963497448
951 0.376214029833
934 0.375091566375
523 0.374707372701
377 0.373552393364
234 0.372544730404
345 0.372043558823
521 0.371527409707
460 0.370067358336
105 0.36948102576
710 0.369241191064
188 0.369066987551
304 0.367690504301
348 0.367259029858
869 0.366367348901
422 0.366258544377
139 0.366169579632
369 0.365470532911
927 0.364526627136
802 0.364498276132
1000 0.361982968189
19 0.360161807758
666 0.356094171816
72 0.355983702526
81 0.354724207714
608 0.352461982747
682 0.352204511775
403 0.350764049156
721 0.350474306194
555 0.349546434164
812 0.348470511848
642 0.348271956778
515 0.347839660397
91 0.346150389155
658 0.345706190326
547 0.344936019344
976 0.344119252096
202 0.343029573798
428 0.34119504822
815 0.340846738757
900 0.34063851085
478 0.339969942276
874 0.33995731691
920 0.339772935065
273 0.336650672748
670 0.336326496649
991 0.333023225304
45 0.332733879047
778 0.3324098414
753 0.331484624657
236 0.33086234649
498 0.329385276053
398 0.328901866009
363 0.323709918859
129 0.322503612797
409 0.322402673187
382 0.321851257081
931 0.321538315415
130 0.319061473516
488 0.318615311416
789 0.316457883516
776 0.316037169819
660 0.315111706281
692 0.312929272321
475 0.312341202953
539 0.311838603651
325 0.30826541455
359 0.306500283051
479 0.306391196439
455 0.305186379103
632 0.304042785599
722 0.303973179341
990 0.303478121345
28 0.302862351826
622 0.30203998265
510 0.301603871075
35 0.300867434818
271 0.300578350966
163 0.298430280747
117 0.297317548717
168 0.29692725589
297 0.296603346327
936 0.29658575045
471 0.296348931064
282 0.295618369302
160 0.295015545031
667 0.293717658321
232 0.292070450309
755 0.291791406838
504 0.290246654574
918 0.289397119577
164 0.288841493387
477 0.285879465036
410 0.284854974388
890 0.281499050799
253 0.280754005477
136 0.280319178743
932 0.279964201273
74 0.279262488078
655 0.277917110224
965 0.27573177738
902 0.275045007332
18 0.274359575629
53 0.273794116289
110 0.273149497639
501 0.272238581011
254 0.270866539661
169 0.270440230199
101 0.268995345587
913 0.268312797884
835 0.267967321169
621 0.267624082959
442 0.267344608342
182 0.267332810919
774 0.267328510246
939 0.266941668513
758 0.265391684484
44 0.262895199564
852 0.260476379499
733 0.258048842597
500 0.257087684105
193 0.255702054297
187 0.254097115055
556 0.251283339146
425 0.2507567196
484 0.250151697413
905 0.249937618404
915 0.249036387645
541 0.248970132621
745 0.248240237522
383 0.247643207401
290 0.245836297403
582 0.243332546984
433 0.24234371318
997 0.241456818675
806 0.238884425673
607 0.238240199259
205 0.23779647389
287 0.237657657641
285 0.237139609642
925 0.2371181799
562 0.23613367409
887 0.232330131292
979 0.231050217027
66 0.230633462079
559 0.230494257794
527 0.229298557836
550 0.225731938572
153 0.22570449255
736 0.225656969765
635 0.225169085407
743 0.223611533134
450 0.222581048605
51 0.222530257731
311 0.220243747184
627 0.21993464484
99 0.219275457375
374 0.218216403624
494 0.217922075796
458 0.21759101294
384 0.217052454944
406 0.216960454623
222 0.215155301852
827 0.215006563367
878 0.212302232288
372 0.210510162159
983 0.210000726281
863 0.209749879743
624 0.208606774118
430 0.208394387395
596 0.207317178737
697 0.205267901907
120 0.202569004808
155 0.202039087916
963 0.201186924652
566 0.201098832085
896 0.200895585847
315 0.20040211183
857 0.20027670475
191 0.199175800703
444 0.198277299761
865 0.194462976625
283 0.192274173039
764 0.191041582236
401 0.190670268112
794 0.189998404567
357 0.189829112818
770 0.188496377364
118 0.18103400605
728 0.180632111748
708 0.180246353099
768 0.179991713554
225 0.179842432127
381 0.178748937948
65 0.178108699478
944 0.177804992968
935 0.176633831322
67 0.176627594174
423 0.176518524965
725 0.17460631519
732 0.172402967761
868 0.171529123782
75 0.171430154432
987 0.170931123838
883 0.169875729031
953 0.168644566119
876 0.167864648898
24 0.167251498985
137 0.16649124056
702 0.16619037135
235 0.165509476198
274 0.16328002009
379 0.16257824772
32 0.161724791156
59 0.161578472648
364 0.161016263423
928 0.160705951808
535 0.160502276594
973 0.159312148548
196 0.157982419544
892 0.156582022883
321 0.156511130505
77 0.155415877757
656 0.154092993281
833 0.153906312125
339 0.153790236419
334 0.153118771493
838 0.153049997126
558 0.151902047477
894 0.151778521649
763 0.151173079967
531 0.150978646234
167 0.150202814889
255 0.149491775396
405 0.149351757298
969 0.148462515488
73 0.148358441523
881 0.147861645617
843 0.147683509633
335 0.1452145256
106 0.142011845754
929 0.138895911956
800 0.138669928519
318 0.135933885201
373 0.1338823471
37 0.132798739008
31 0.132300665146
798 0.131818457486
126 0.131620057378
724 0.131537853313
27 0.129286182411
620 0.124068505035
174 0.123014161845
34 0.122007522265
132 0.121495673446
816 0.121284059397
10 0.121169284609
267 0.120131687683
980 0.117450483302
653 0.115482666975
248 0.113904230059
718 0.110991653601
799 0.110019125864
322 0.109833858647
804 0.108700035596
970 0.105561862489
941 0.105006036227
926 0.103241639237
52 0.102348116681
839 0.101240286863
671 0.100544217593
591 0.09967737464
955 0.0987213795289
829 0.0986889575145
356 0.0982063122153
893 0.0977176738881
6 0.0976683745986
417 0.0972606931222
272 0.0965155192275
172 0.0950675814225
574 0.0945543182169
200 0.0924028563412
394 0.0922728472294
610 0.0917659593524
650 0.0916213120118
912 0.0908729002108
661 0.0884495395296
451 0.0882399178922
14 0.0881011062591
937 0.0878489032893
145 0.0866992598667
618 0.0845545208553
114 0.0835786061884
247 0.082952000535
485 0.0826465523453
223 0.0826059962141
820 0.080834733857
506 0.0802169549151
859 0.0791723412328
698 0.0779922343481
314 0.0771869199229
823 0.0768154360315
676 0.0768023751788
519 0.0763903096096
386 0.0746696397697
853 0.0741054107516
470 0.0726934729758
291 0.0684538817808
803 0.0672966843418
651 0.0672822502849
22 0.066970498702
518 0.0664709681914
499 0.065849139402
982 0.0645889864673
691 0.0643378251751
647 0.0640283141695
474 0.063262245635
13 0.0607442261315
988 0.0604668051263
590 0.0589769927583
465 0.0585233489292
570 0.0578770383204
688 0.0562447458161
302 0.0545739244865
158 0.0542492990369
907 0.0535500419224
771 0.0523030991946
50 0.052048585031
536 0.0514130607106
517 0.0512475065669
361 0.0511898363951
395 0.0503659618827
179 0.0484984294149
240 0.0471857078711
998 0.0469076121645
545 0.0465954627025
649 0.0453986292122
921 0.0414910889566
149 0.0414868966794
663 0.0410443811637
113 0.0395088066531
366 0.0389653502168
355 0.0376804037441
150 0.0376269334838
89 0.037573652799
573 0.036082142931
605 0.0358799949841
144 0.0354528931254
207 0.0353011621624
215 0.0343959248811
138 0.0335892117374
206 0.0335826804883
809 0.0335306369967
230 0.0325606051248
368 0.0316203049726
897 0.0316137038523
860 0.0293436938224
687 0.027548424679
525 0.0256886260967
916 0.0239837687164
399 0.0216003846101
47 0.0215615842299
580 0.0210627749038
994 0.0191041617146
298 0.0166591532523
775 0.0145872298561
86 0.00849229083283
427 0.00785949575693
825 0.00686309918016
578 0.00659270051288
886 0.00641453326531
557 0.00570029137019
891 0.00500771919036
870 0.00287918872887
528 0.0023821894774
127 0.000164977019766