478 0.999639353955
280 0.997821119389
409 0.996245480913
634 0.995581335417
27 0.994438419815
122 0.991175919271
335 0.991054412739
71 0.990189057068
5 0.989229064472
241 0.986750530556
882 0.985128925317
773 0.984497417492
616 0.983857257463
324 0.982486209945
937 0.980126866606
436 0.979807840012
89 0.979230218521
698 0.977408566671
91 0.976695780966
764 0.976365687578
221 0.976359086427
184 0.974753790157
77 0.974333093719
790 0.972651537765
8 0.972028091286
990 0.97171735658
1 0.971644647348
815 0.971152068952
732 0.970679488516
461 0.970436884823
369 0.970252312683
916 0.970070789094
932 0.969967126107
314 0.969567672882
653 0.96947041939
205 0.969183902372
128 0.967758449127
416 0.96763471857
909 0.9669207647
769 0.966304492984
211 0.965574062478
746 0.960929641128
884 0.957967163301
152 0.956595287156
594 0.956535806368
494 0.955832421383
328 0.955352904998
498 0.95241710485
734 0.95218797451
356 0.951587317742
664 0.949478210522
542 0.948786628746
623 0.946927292523
991 0.944091952185
305 0.943965452916
745 0.943738396895
227 0.943494075223
124 0.943236214908
473 0.940733797534
893 0.939906092387
603 0.939734434185
279 0.939033998851
624 0.938396473667
966 0.936051649656
863 0.935929338793
565 0.934098012671
452 0.934051122663
852 0.929884594079
740 0.929429435616
215 0.928109627195
345 0.928062562987
675 0.927249147376
665 0.926624597152
682 0.926448196171
397 0.924916330756
728 0.922016408037
259 0.920785739279
500 0.920308162462
329 0.920063697666
430 0.918454081344
787 0.914879903773
576 0.914541346768
102 0.914065897803
79 0.91393465521
911 0.913434176213
141 0.912716452559
697 0.912314288388
848 0.912019799083
999 0.911474131003
868 0.911294952617
626 0.91096057159
539 0.908738859832
316 0.908486128078
238 0.908115262052
524 0.906737825513
699 0.906453671316
636 0.905445571503
229 0.90400217853
321 0.903880289884
669 0.90281186766
865 0.902057708411
721 0.901538720376
393 0.901468800896
367 0.900430318777
35 0.898922609308
185 0.898818595998
652 0.897749624034
662 0.897468133459
730 0.897147531123
391 0.894235384818
86 0.891696690295
928 0.890805664871
562 0.89019732054
82 0.88724014196
842 0.881932983462
459 0.881534274897
589 0.881110233165
869 0.881071320778
300 0.881026449866
716 0.878144826611
325 0.878084833323
129 0.877381993259
14 0.876351697393
338 0.875880119322
935 0.875601982342
404 0.875331455449
177 0.87311377745
816 0.872591534282
457 0.872535815352
378 0.871797588601
587 0.869826063903
593 0.868567413372
73 0.868129803572
667 0.867371817028
251 0.867183553793
797 0.866678663445
344 0.866281452225
822 0.866102334441
359 0.865533571807
278 0.862710387068
993 0.86185013214
714 0.861607096117
180 0.860366493973
873 0.859014495873
503 0.859000902489
209 0.858014369495
277 0.857698701901
711 0.853809028761
308 0.853399287195
254 0.853268994396
170 0.853121899111
717 0.853069573403
331 0.851770777834
474 0.849525616841
685 0.844708308494
456 0.844434263237
844 0.841121803066
411 0.840245836637
267 0.840193129096
361 0.837606935033
553 0.837374843597
876 0.835825876197
370 0.834891608605
881 0.834111525372
791 0.831173331068
613 0.830081780081
946 0.829599768948
306 0.827432471735
12 0.826717425487
441 0.825526473864
535 0.824940508491
995 0.824851186427
956 0.824346586904
264 0.822997326093
392 0.822035156722
125 0.819283875864
573 0.818030496476
808 0.813591573493
311 0.812925304589
566 0.812124683031
224 0.807627108599
861 0.807188053861
930 0.806287302158
33 0.80495353603
467 0.804834457366
453 0.804207115971
223 0.803972835821
274 0.803255291174
579 0.802971004274
41 0.802360679164
784 0.802017063803
80 0.800389939757
57 0.800012434668
427 0.79999080416
458 0.798810601573
286 0.798285011121
620 0.794494830087
879 0.79393046868
388 0.793727608886
281 0.793522780183
590 0.79348409225
440 0.79300227437
366 0.792312044567
174 0.791718688852
4 0.789460699876
778 0.788721219124
84 0.787972625949
45 0.787892714893
561 0.787683872289
735 0.787677344279
749 0.785400446616
339 0.784001781379
973 0.783282924861
114 0.782547483745
948 0.780227379703
63 0.778676738154
243 0.778461589476
810 0.777889089283
218 0.777826455066
799 0.777612770398
829 0.774392722354
705 0.772868425785
470 0.772555011494
952 0.7694844664
920 0.768821024807
532 0.768277964406
13 0.767950148064
758 0.767226024227
192 0.766982483881
569 0.766459824318
485 0.766250933845
52 0.764236514076
752 0.763895967566
563 0.763491702431
505 0.76213013957
676 0.760893239121
919 0.759611437547
862 0.75956017012
357 0.758463365743
353 0.756987872679
62 0.755969169782
29 0.753781768094
901 0.753746252126
464 0.752915296424
805 0.750907297376
518 0.750792807219
199 0.750494995285
140 0.749922519722
914 0.749823131361
771 0.749192024103
550 0.749180975977
867 0.748860653684
150 0.748499902364
622 0.748480217616
560 0.747439772449
531 0.74739965388
668 0.746813297203
894 0.742618965252
756 0.742265230373
739 0.740314669244
56 0.740116226303
785 0.738160160736
660 0.735128611062
348 0.734168424881
483 0.733548858042
301 0.733107694035
322 0.733046741244
934 0.730498681119
954 0.724604279204
332 0.723875279135
183 0.723753980292
383 0.722634754004
87 0.721025456609
398 0.720639512186
182 0.719015955732
67 0.718909639705
871 0.718164517238
509 0.717967377278
617 0.717887526259
825 0.717266317359
508 0.716676005512
761 0.713477083883
256 0.711594536041
247 0.709315769142
207 0.707273565979
976 0.707157894959
570 0.705418003938
31 0.704025590206
48 0.702901781991
156 0.701104050762
779 0.7005633657
529 0.698769384622
19 0.697513651982
234 0.696915828893
696 0.694954324498
689 0.694879933096
704 0.692906726371
147 0.691798084112
943 0.691252434187
599 0.690999793059
495 0.688928116693
315 0.687250365282
166 0.686208762977
523 0.685202524305
178 0.683996940797
408 0.68319899466
368 0.681680656059
892 0.681478186565
110 0.681224214339
850 0.680886052105
362 0.680310900577
702 0.680127819995
556 0.678714141491
146 0.677902544265
402 0.677826973924
419 0.674555139323
468 0.674201421525
775 0.673966978247
298 0.673273579574
168 0.672846809361
959 0.672355650443
472 0.672111066436
520 0.670330861217
239 0.668045693003
718 0.666935770623
684 0.666280204042
988 0.664997093139
548 0.659921146414
978 0.658187967557
677 0.655529629375
246 0.6553743587
217 0.654200250287
630 0.652529209785
76 0.650494259945
273 0.650259196275
736 0.648381380721
424 0.644803459546
202 0.64449316367
295 0.644323754199
242 0.644151004853
609 0.643930657942
596 0.643329021883
108 0.641751830997
11 0.64081327452
827 0.640748478765
849 0.640735996724
960 0.640086467279
78 0.640033450252
420 0.638838324354
318 0.638406851687
97 0.638274447741
235 0.637744141706
958 0.637643629642
501 0.636952316751
484 0.636606354394
213 0.636534693393
390 0.634328410927
906 0.629212807426
406 0.626409551095
131 0.625767285003
145 0.624050238865
987 0.622691498444
796 0.622160040021
723 0.620993629419
137 0.618565015003
216 0.618111970001
559 0.61661183247
17 0.614631414711
673 0.613656109611
434 0.612588549364
941 0.609319885647
447 0.608960652608
69 0.607914008321
545 0.607687952207
763 0.607172320561
926 0.606986643461
191 0.606956799
902 0.606735214866
327 0.606725779565
927 0.60648280474
121 0.604850480501
607 0.604090717029
497 0.602143921164
710 0.601952297672
972 0.601328508033
731 0.600382175599
658 0.59942471475
98 0.598736382889
263 0.598724674099
252 0.598166506876
967 0.598159813054
517 0.596234263661
415 0.596095684315
615 0.59481790374
866 0.59445305484
25 0.594011437696
663 0.593547218248
262 0.593181805564
499 0.593114685398
812 0.593013788586
296 0.592953193518
117 0.592651190514
855 0.591480071191
951 0.590703753565
317 0.589930876301
203 0.58874852631
998 0.588520491199
519 0.587848531586
418 0.587834864192
538 0.587685163034
741 0.58662483794
417 0.585338360736
891 0.58445349676
493 0.584250955517
766 0.583532246225
511 0.582466166806
70 0.580847107694
272 0.580595547543
921 0.58053650925
389 0.578981144213
602 0.578861569593
74 0.577129952933
923 0.576831162956
173 0.576800571085
606 0.575663239453
760 0.574101926612
479 0.574043035717
240 0.573141785691
155 0.572807903771
401 0.5726339481
506 0.572555877696
83 0.572397046344
476 0.571315652425
975 0.57084301796
817 0.570348999449
985 0.569575946145
851 0.568520855942
979 0.56734793397
757 0.566817663847
116 0.566100501308
830 0.564835705684
945 0.563471954008
347 0.562968225063
431 0.562303916359
208 0.56168124082
838 0.56091916223
426 0.558771151503
780 0.55669880229
722 0.55588567496
214 0.55538273156
980 0.555013507514
465 0.553458402602
743 0.552384002489
43 0.552367662677
455 0.551215983782
250 0.550155280912
765 0.548389097924
32 0.547171279924
373 0.54632223617
984 0.545523942949
47 0.54427419521
612 0.543006837925
282 0.540759944358
334 0.539770961979
742 0.539388574027
387 0.538839054854
1000 0.537828959527
802 0.537563315567
176 0.537176027487
854 0.53256820967
638 0.532307975784
42 0.530519975198
333 0.529831356413
747 0.528103452235
382 0.527779005756
890 0.527029365306
853 0.52660184528
650 0.525614168418
574 0.524248498229
715 0.523689338944
939 0.523366526944
918 0.523109338781
789 0.521116895638
754 0.520702018235
59 0.518112349388
101 0.5179735675
575 0.514037498021
794 0.513423089552
303 0.512198089799
193 0.510460950266
75 0.509087312885
188 0.507869988629
363 0.507566949775
917 0.507430605719
835 0.505729873627
656 0.505328453512
680 0.50425526941
770 0.501757870813
103 0.50118101151
379 0.498918375778
16 0.49582841469
692 0.495126853131
580 0.494640221627
821 0.494030912836
726 0.493982561855
733 0.493927977065
477 0.492028333402
793 0.490570673195
809 0.490476150702
841 0.489570440474
544 0.488342293439
639 0.487138228362
119 0.481309613117
403 0.480812182947
568 0.480372845412
422 0.479925609857
265 0.476569468639
913 0.475999143788
488 0.474005635935
826 0.473592903385
947 0.471812895181
657 0.471275257349
120 0.468479093771
724 0.468015582515
605 0.466061744009
381 0.464202027185
707 0.463880817406
105 0.463136232218
399 0.46227225959
543 0.461679713541
738 0.461609391524
903 0.46131179349
547 0.460071068442
172 0.459695114554
245 0.459358626527
713 0.459271941476
621 0.459237571775
753 0.458064102169
290 0.457377587451
552 0.457334837511
46 0.456866194163
55 0.454130266393
597 0.452354535123
915 0.451652246638
405 0.450779818312
533 0.449832339168
619 0.449269277421
857 0.446360504613
601 0.445867617688
395 0.445661909617
678 0.445338191448
625 0.444565242847
536 0.44452654932
148 0.442350890452
18 0.439451009114
438 0.43826102199
628 0.437999197036
994 0.437466923714
604 0.437246641948
449 0.436642218511
323 0.434998947631
727 0.433354413781
641 0.43106540067
385 0.429523736942
23 0.426386572293
654 0.425815632816
380 0.424407833968
688 0.422893286756
435 0.422143750843
554 0.421993668165
899 0.420691901511
451 0.42046908589
93 0.41855522734
149 0.417327195113
870 0.417251680097
924 0.416814797988
219 0.416448109914
151 0.415962939027
26 0.414371231569
828 0.414232808158
231 0.413193284718
611 0.411327662548
693 0.411219593433
269 0.409931770493
831 0.408917807091
874 0.407178826453
154 0.406095690711
788 0.405973846484
588 0.405165628565
507 0.40392680524
836 0.403777905082
819 0.403658820281
981 0.402826401564
860 0.401656573811
942 0.4004880877
6 0.399641503314
513 0.399583653867
546 0.399413369793
384 0.399349906709
986 0.398266780496
341 0.398148495111
774 0.397920662429
159 0.396261439874
938 0.395480726093
376 0.393295063649
840 0.392335260306
142 0.390207279955
872 0.389030851502
413 0.38881693237
681 0.387934325037
534 0.387458303099
776 0.386763879738
233 0.385062471385
992 0.384883209141
703 0.384839837924
481 0.383775141627
354 0.382994838886
839 0.382429982977
572 0.381878271766
24 0.381311385002
528 0.379909966484
421 0.378636431685
706 0.378391052987
9 0.376435392141
350 0.376331586139
112 0.374785183285
90 0.372028775227
804 0.371506021945
648 0.370313757915
115 0.369651847601
800 0.36927669889
487 0.368155404809
260 0.367236798447
592 0.366505127578
845 0.366097899659
557 0.36603511858
510 0.364002564683
396 0.363622363345
950 0.359614014054
833 0.355692787872
230 0.354913288361
337 0.354501029472
647 0.354088524616
346 0.353206369589
37 0.351369730055
595 0.349819326452
342 0.34856858526
92 0.347243905801
394 0.345173035997
858 0.343275494584
965 0.342960679572
201 0.342920285649
832 0.342615415516
655 0.341712516295
196 0.34158952044
482 0.341381590649
633 0.340535698385
61 0.340490931684
460 0.337741998229
671 0.335505315716
720 0.335471339511
60 0.332289013766
768 0.33226364971
801 0.332232576768
355 0.33003632325
448 0.327996149457
414 0.327827753549
618 0.327241347318
645 0.325116848038
186 0.324756501247
53 0.323481882751
631 0.323129378199
777 0.322446466049
910 0.322363692342
253 0.321056103956
257 0.32021739068
642 0.316188679969
583 0.313053494266
598 0.313024887199
365 0.312259176057
889 0.311762018619
971 0.311742053556
190 0.305407843835
2 0.301319626376
880 0.301233895676
34 0.300099222102
66 0.298805129676
907 0.297448349235
814 0.296969369525
940 0.29622654982
577 0.295576098097
127 0.294813518657
969 0.293355663955
437 0.293340695486
608 0.292502733457
900 0.291308335145
755 0.291236617594
564 0.28978371597
578 0.28748175234
109 0.286884408717
695 0.286665140119
690 0.284334250146
165 0.284058335369
118 0.284043366695
349 0.282556409561
210 0.282082177927
72 0.280160314692
450 0.279981516264
983 0.279383174723
15 0.279274237655
85 0.279186076109
632 0.277387059001
169 0.277163023454
266 0.276592306986
161 0.275926843164
225 0.275188455899
425 0.274966654156
443 0.274749102953
261 0.274631569781
813 0.273806466856
68 0.273131527589
522 0.272477445388
442 0.271325688794
558 0.271201950434
644 0.271195333127
228 0.267409218652
49 0.265744251706
111 0.263519981406
694 0.261702021032
989 0.260666637045
905 0.259649322738
330 0.25955043292
885 0.259142634791
679 0.258192984479
139 0.257707296993
220 0.25702422072
372 0.25645362729
929 0.256291957069
160 0.25566830356
659 0.255077483869
222 0.252813113853
133 0.250803511928
309 0.250677400547
469 0.248207796109
39 0.247539475885
123 0.245873394034
567 0.24489255603
284 0.243850608462
313 0.243685428904
931 0.243680967313
811 0.243100964144
454 0.24257721465
206 0.24201978215
491 0.241973822674
304 0.239976772428
490 0.238213694504
463 0.237979798179
343 0.235856791523
555 0.23542426995
88 0.235221931199
244 0.23492130801
446 0.233931868733
200 0.232755033984
293 0.231158417065
977 0.230030821904
400 0.226163323923
340 0.225252326687
783 0.224452664066
643 0.223486887938
792 0.222943022926
974 0.22207272527
297 0.221668209731
551 0.219446921657
194 0.219005345574
908 0.218912739287
54 0.218109351652
320 0.217623204566
961 0.217268623382
719 0.215901203474
38 0.214564823068
847 0.214558762491
537 0.213028212674
629 0.213002010749
798 0.212268048753
525 0.210945026512
100 0.210943755479
585 0.21019995293
275 0.209371856663
310 0.208766674735
968 0.20685925535
807 0.205593395331
540 0.203866595261
319 0.199650832231
591 0.199159155344
725 0.197335234189
856 0.196838844102
886 0.196811119356
691 0.193634703411
806 0.192649492082
486 0.191737390589
433 0.191258388389
925 0.190525859377
786 0.190169302951
795 0.189599725373
65 0.189067861756
512 0.1850469985
179 0.184855116419
897 0.184735054359
751 0.184624167995
95 0.18266180643
299 0.182416720042
283 0.181990268995
30 0.181102974407
167 0.17999702499
289 0.179352594572
489 0.178063434186
432 0.176988625959
818 0.176373533232
859 0.175911937616
803 0.175773309113
571 0.174305662914
187 0.174000298597
64 0.173468524162
21 0.173159364212
51 0.172731402223
582 0.17185280323
759 0.171396738582
635 0.170541649988
502 0.16970115771
627 0.169616727743
646 0.169105550012
953 0.169100384796
96 0.167958455737
162 0.167782211919
496 0.167372228438
521 0.167117131796
158 0.166736973742
237 0.166604933643
22 0.161494109386
307 0.160907464261
28 0.158442124456
364 0.156903995687
407 0.153546181007
516 0.153326379516
475 0.150842430301
134 0.150259136053
462 0.148640034692
377 0.148288411282
198 0.148064318026
586 0.14775649004
666 0.146634315901
824 0.145836617921
288 0.145563751116
772 0.144805612187
530 0.143158938038
996 0.143061399243
949 0.142841853103
428 0.14057541905
132 0.140005241743
36 0.139561933961
44 0.139424711809
163 0.138178865739
113 0.137798554948
270 0.137607020515
514 0.136962496831
896 0.134390956564
371 0.134337605758
708 0.133202686318
936 0.132082114486
136 0.13168816252
492 0.131419860467
107 0.131132191349
50 0.130859235759
195 0.130602485423
877 0.128366435891
312 0.127794501635
581 0.127062601236
963 0.126665754391
820 0.126645799028
197 0.126386303335
700 0.126042704189
258 0.125911631474
549 0.125799260974
138 0.125208920059
291 0.124548225904
326 0.124252003185
888 0.122616245173
843 0.121617409293
541 0.121465341454
144 0.12018122669
157 0.12017281717
374 0.119578569936
171 0.119037028357
466 0.11874765514
962 0.117575715167
429 0.113970768547
898 0.113775493639
834 0.11358242405
445 0.112795975163
744 0.112399974534
352 0.111084204196
955 0.110632357342
212 0.108085579451
584 0.107802750368
226 0.10643207822
130 0.105006506066
674 0.103980737471
302 0.103461125749
175 0.103316615863
153 0.10255749843
781 0.10204720171
649 0.10172338911
701 0.096701071528
232 0.0966693635708
236 0.0962638666166
480 0.095804452916
762 0.0943464557229
600 0.094017602877
686 0.0936835343759
782 0.093562136679
135 0.0935417051316
439 0.0931838636198
444 0.0928208933128
58 0.0915773990374
729 0.0893990332556
904 0.0873319697575
883 0.0860340847245
351 0.0809295455501
640 0.0791406333585
358 0.0790966396244
970 0.0786732998772
515 0.0771501772753
614 0.0708945532475
683 0.0704933048331
99 0.0676848107649
864 0.0676173279877
126 0.0649639319705
737 0.0649379318709
268 0.0647006375133
40 0.0645092785452
143 0.0627178163027
846 0.0608752049149
661 0.0578038013249
412 0.0561867745562
287 0.0555142874521
895 0.0548760246578
248 0.0545405539292
712 0.0533954292836
471 0.0518333384747
837 0.0513236790164
3 0.0512241033515
271 0.0510170650271
964 0.0493256289156
7 0.0477793139403
164 0.0474756655842
672 0.0469629517302
106 0.0448496322611
255 0.0447446263038
526 0.0424942274874
386 0.0422790913438
982 0.0410182780127
687 0.0395384799607
651 0.0394491287868
997 0.0381974050551
767 0.0365027841615
104 0.0330952944825
957 0.031787641192
181 0.0315180149525
610 0.0301060713908
410 0.029706439032
189 0.0281528274425
423 0.0279743065421
944 0.0277635512367
81 0.0245602313798
504 0.0232356604522
637 0.0226775788611
887 0.022042798119
276 0.0215062707525
823 0.0213203788814
748 0.0208025739882
709 0.0199546555552
292 0.019358934016
912 0.0192102606937
249 0.0187224874235
750 0.017926790929
20 0.0177557154999
375 0.0132313071122
670 0.0126448579036
878 0.0117529684496
933 0.0109135202392
360 0.0100919779063
94 0.00890487850023
336 0.00774658506078
922 0.00482197265665
875 0.00471324589826
204 0.00359657152838
294 0.00348743120906
527 0.0031199898268
285 0.00194345191582
10 0.000813872912652