548 0.998904432283
591 0.997888508757
391 0.997177832026
458 0.997110534078
766 0.997070155288
208 0.996150006246
128 0.995975101946
613 0.995567779627
262 0.994665712319
423 0.993684613259
479 0.990608676508
596 0.990468628026
462 0.989010689923
881 0.988019837697
48 0.987300435245
480 0.984697979448
473 0.984314504867
675 0.984306003691
172 0.982794892953
317 0.982756259337
130 0.981235093212
383 0.980950664841
917 0.979745901951
687 0.977705597724
54 0.976597511231
417 0.975445332144
959 0.975090084599
211 0.973332518716
154 0.972934070059
664 0.972549453935
649 0.972375964133
610 0.968083864191
992 0.967203102865
940 0.966986876557
814 0.965787136782
789 0.965726759873
356 0.965396474464
914 0.964855746865
322 0.96451720184
539 0.962953832342
892 0.96216064598
705 0.961713574604
503 0.961708713554
854 0.960775841398
407 0.959210926256
676 0.958659024848
942 0.958040120653
602 0.957235132397
138 0.956706815512
850 0.956136765577
312 0.95492361386
886 0.95362290211
106 0.95342409896
936 0.953264617004
361 0.95267780739
869 0.952297758353
702 0.951751848561
123 0.950663147365
751 0.950286713401
660 0.948366717355
469 0.948219643074
953 0.946720090241
804 0.946249650012
84 0.945724104226
309 0.944502589034
568 0.94260037591
30 0.939050933388
832 0.936925730251
810 0.935989203491
915 0.934999248401
875 0.93247554512
184 0.932412531135
6 0.93073525083
282 0.930302562656
223 0.927975339156
7 0.926356515054
129 0.924544942039
202 0.922585566273
658 0.922483862856
840 0.921983420986
412 0.918051007597
561 0.917786271892
429 0.917409048643
229 0.917013828487
506 0.916564406627
46 0.915997502463
670 0.915713760716
852 0.914852374228
601 0.914493611203
327 0.913232771993
151 0.913108180932
485 0.912423170638
85 0.910880453023
91 0.910663338085
739 0.910310160632
689 0.910095982485
582 0.906613952211
489 0.906490176233
126 0.906444644159
61 0.905116411924
194 0.905046311309
431 0.904149484416
500 0.903821809371
512 0.90374496076
244 0.903128973844
580 0.901168666984
927 0.900142610296
374 0.899405318226
837 0.898962612312
437 0.897339803428
893 0.89602343991
413 0.895969703735
456 0.894884034229
761 0.894305894225
801 0.891527641775
979 0.89087786476
463 0.889762838501
809 0.889615916008
866 0.887946553914
71 0.887761000472
131 0.88302456201
415 0.882646825877
433 0.882630873603
791 0.881249978513
298 0.881225829582
336 0.879454707381
40 0.879412179819
26 0.878493639048
56 0.878112526925
648 0.877383691258
879 0.877322312719
897 0.875674996173
874 0.870114865646
834 0.867664559474
617 0.867648505217
77 0.867434425895
360 0.865967849331
442 0.865080994451
803 0.86459966666
507 0.863852660403
424 0.862638925217
925 0.861567893424
708 0.86140924504
933 0.860901143035
696 0.860862011921
275 0.858736683537
51 0.858580637672
924 0.855877583008
20 0.853883381443
736 0.852595593404
680 0.852355392155
78 0.849613691188
510 0.849269871193
718 0.848110715043
808 0.847200093139
233 0.842180717403
716 0.840946076932
906 0.840762265726
651 0.840663078887
807 0.839567263388
399 0.839475334439
955 0.839452251664
323 0.838343956463
404 0.837423852272
333 0.835057191216
520 0.835034462705
271 0.834699323585
943 0.834157207556
109 0.833406870453
343 0.832639907718
344 0.832526242892
425 0.83099367251
303 0.830709559712
898 0.829730810331
337 0.829489404859
44 0.828123844254
903 0.827704725104
358 0.82515762133
509 0.824464665205
348 0.82199696508
969 0.821235533543
563 0.821020301493
338 0.820565008281
663 0.820545900407
513 0.820476900196
546 0.819746648138
235 0.819515226589
157 0.818669055489
15 0.818525649062
264 0.818491158276
16 0.817694786281
805 0.817329420187
162 0.817226610742
279 0.816671496986
724 0.815367047654
107 0.814834204457
181 0.813836150109
73 0.812641595828
593 0.811968211253
653 0.81085957486
472 0.810520993636
398 0.809495377809
1000 0.808007805069
483 0.806850679897
494 0.806061578188
544 0.805750496058
598 0.804116350426
474 0.802675401085
920 0.800657215557
701 0.799826911981
389 0.799270138844
800 0.798474505944
650 0.798419726845
269 0.797984141105
115 0.797980779413
946 0.796827563134
890 0.796647932502
5 0.796078902139
645 0.795508664544
818 0.794578430909
771 0.793550162139
839 0.79309380508
86 0.790872709808
666 0.789692375735
209 0.789584197734
842 0.787648220189
713 0.78672579443
96 0.785786866154
394 0.784841163805
726 0.782556258748
836 0.782359652185
998 0.782092040432
175 0.780297049137
865 0.778462017282
529 0.777130160883
700 0.776677489999
200 0.774342271809
652 0.772737196977
370 0.771578859966
864 0.771338898183
453 0.770950397285
871 0.770000872238
744 0.769924740332
569 0.769834572426
611 0.768472863992
982 0.768288283006
228 0.765939099711
97 0.764442790787
467 0.764429027739
406 0.763797942045
276 0.76291677728
242 0.761634950967
499 0.761473750897
634 0.760671686761
62 0.759430762483
239 0.756517341901
313 0.756428992297
867 0.754879317368
884 0.752606211538
643 0.75248912
863 0.750266684179
17 0.748313971515
380 0.748240005325
139 0.748105505741
762 0.746693883792
963 0.746053276418
190 0.744849399249
907 0.744492094346
547 0.74366765889
254 0.740064147769
677 0.739703012851
450 0.739081505946
11 0.738073576492
629 0.737544342706
328 0.736769853067
570 0.736643350689
585 0.736598067592
781 0.736559309717
308 0.736135593219
934 0.735625089983
768 0.735087660212
497 0.734284566474
691 0.734087849858
89 0.732560515614
122 0.729196669445
435 0.729074274732
964 0.728512176093
371 0.726690359703
145 0.725229862837
110 0.723540682756
894 0.722795161287
607 0.722791492028
841 0.722358347733
673 0.719827967163
975 0.719353476015
311 0.716452971255
471 0.716284579148
901 0.715430166932
603 0.713894505212
954 0.713873286795
577 0.709591939335
212 0.708809113991
965 0.708538530555
140 0.707986568075
3 0.707703227277
363 0.705059548657
732 0.704314401183
868 0.703348026196
712 0.702944081542
769 0.699051905241
715 0.698858027754
746 0.698674133048
487 0.695650871456
554 0.695462397275
32 0.695197096623
659 0.694103194083
683 0.693602461065
957 0.6933727812
416 0.693299927755
206 0.693230906798
367 0.692935820653
460 0.692505742379
990 0.691918601123
993 0.691642951846
991 0.691475220531
912 0.691351903588
557 0.685170137963
674 0.684635067386
213 0.684467709568
872 0.684299865795
592 0.683361072978
830 0.680893962743
743 0.680498236658
502 0.675794140295
372 0.674716747318
143 0.673745108755
251 0.672824317561
306 0.672435219518
170 0.67236837411
161 0.670835544126
464 0.67071192411
376 0.667277773839
784 0.66645678108
268 0.665760458543
166 0.665332594806
10 0.664954176304
167 0.663476849226
135 0.663466044373
466 0.660686665736
375 0.659469107992
609 0.658783138559
775 0.65694885773
285 0.656172534555
256 0.651286540899
637 0.651029712982
198 0.646498157828
243 0.646116945181
913 0.645968362186
523 0.645832451067
273 0.644533833453
353 0.643564322165
66 0.643560945617
378 0.640792620683
392 0.639242355104
118 0.63876685178
710 0.637121527974
770 0.63675589774
699 0.635500126144
454 0.634785780794
838 0.633600538084
76 0.633521812875
99 0.633462101498
218 0.633067205708
87 0.623682786257
180 0.62359931376
618 0.621260887854
28 0.620733967292
22 0.618641175916
428 0.618003949581
477 0.617859878579
937 0.617394844784
941 0.615416818144
125 0.614921746744
352 0.610216452109
861 0.609318102211
35 0.607963089326
976 0.607933761463
747 0.605254749715
615 0.604393440603
57 0.603236874618
525 0.602111895002
672 0.6020697289
234 0.600545924424
261 0.60034867593
806 0.598098079549
117 0.596653051111
981 0.595424521023
457 0.594770901001
797 0.593974408261
759 0.59282617179
355 0.592487358286
421 0.591771992194
597 0.591682109671
199 0.589222083571
977 0.589020503969
224 0.587859153084
622 0.586945631466
174 0.586609678673
876 0.583831729321
69 0.583647023232
160 0.583297868932
418 0.581765851461
150 0.579018637128
756 0.578437011645
36 0.576737240044
9 0.574131453899
49 0.573988241014
484 0.572966189511
173 0.572495121514
186 0.572283677807
405 0.572057642228
41 0.571910605232
329 0.571858006218
104 0.571569585228
853 0.571023759519
764 0.570094735829
182 0.569925460466
80 0.568626744371
549 0.567273146384
420 0.566629489916
220 0.566468073211
565 0.563261399503
939 0.561736325137
891 0.559411518295
216 0.558007085927
777 0.556803491315
430 0.555401774358
193 0.554716643044
817 0.551826556927
606 0.550751483777
707 0.550701776979
938 0.550349779998
559 0.55023698562
232 0.548811458524
346 0.548299626071
240 0.548237769922
997 0.547157526315
741 0.547109955067
684 0.545703034889
752 0.545114057051
772 0.545109155014
300 0.543927037021
330 0.542560419449
192 0.541893561125
498 0.540852982584
916 0.539968363949
245 0.538970044584
8 0.538435301943
616 0.537713220905
246 0.535150279373
995 0.534301245489
721 0.53394459667
414 0.533820650728
432 0.532483202458
359 0.531364633546
354 0.531107556484
952 0.530651679898
692 0.530481981061
219 0.530070497228
152 0.526830467172
594 0.526304598227
441 0.526188346944
540 0.525767907398
900 0.52576126058
517 0.525279817398
704 0.525034477555
750 0.524882328214
624 0.524771717302
387 0.524399594632
827 0.523819664307
255 0.523390380556
967 0.522195828013
461 0.520371853056
366 0.519214559494
4 0.519098899746
553 0.518158038585
382 0.512112412669
221 0.512080479672
581 0.511581837409
958 0.510828046056
821 0.510777241238
745 0.508444950919
515 0.508426302128
384 0.505809354228
578 0.505715507097
870 0.505610726972
790 0.505555396763
889 0.504600911626
482 0.503391508609
222 0.502380160887
605 0.502009768935
755 0.501961611042
534 0.500702588098
247 0.500613752964
142 0.498216941123
168 0.496933070963
530 0.496692402159
291 0.495152723071
390 0.494094518643
947 0.493055600119
204 0.492745053038
475 0.490212656676
34 0.489137906812
67 0.488613867116
205 0.488541208928
23 0.487675260135
796 0.487211230448
527 0.486861494752
299 0.485995250586
217 0.483365644265
111 0.482303110095
468 0.480369346863
114 0.480271993294
249 0.477340198884
294 0.475288253885
835 0.474105595481
749 0.471045308477
537 0.470488215004
614 0.468135898386
301 0.464303400431
108 0.463453477165
102 0.463443332762
621 0.462817157889
774 0.459573597204
189 0.459544050122
146 0.459312267424
928 0.45810978882
459 0.457352167456
885 0.454002273556
923 0.453048167291
989 0.452478073747
95 0.450614925388
449 0.450504359888
493 0.449904890642
935 0.447920221314
532 0.447658318634
120 0.445790289902
686 0.445734028637
828 0.445143672297
177 0.444511376821
783 0.444060874295
88 0.441965557294
626 0.441618422456
266 0.44093283868
250 0.440791398316
225 0.437969664692
158 0.437925521464
495 0.437718187015
60 0.436338506008
728 0.435467043174
816 0.433814292803
824 0.433431028504
302 0.433327369565
31 0.433153298948
973 0.4310940937
197 0.430617451424
526 0.430209089189
972 0.429583512629
401 0.427531252587
385 0.426881976797
825 0.425665834603
283 0.425578586715
968 0.4240092373
862 0.423650646447
758 0.42333531597
307 0.422962949613
304 0.422008631593
727 0.421807930251
284 0.420007661819
116 0.419968025818
773 0.41758286527
948 0.415924141533
905 0.415427057374
742 0.414998633814
326 0.414290356363
647 0.413719190754
18 0.411520298196
776 0.411479380193
788 0.410597360544
535 0.410290092867
856 0.410256529891
81 0.409855231538
214 0.409814451297
321 0.408513803063
986 0.407707809332
823 0.405801334133
452 0.405415806226
82 0.405241773706
75 0.404942913025
438 0.404587402655
682 0.403349056544
402 0.402893882475
780 0.402338258191
794 0.399497878093
124 0.398779911437
522 0.396820499804
388 0.396008822422
215 0.394955210245
899 0.394775093771
552 0.394668718722
703 0.393157606808
72 0.39293140734
681 0.391605628254
196 0.391577961785
408 0.391438859578
880 0.390839792893
210 0.388813725695
58 0.387922776529
693 0.387232342729
667 0.387198952802
422 0.386677303659
988 0.385875096466
717 0.385181283742
52 0.384859911705
287 0.383603669608
436 0.382320344968
443 0.381952717707
929 0.379847380504
289 0.378775262235
980 0.374216482141
757 0.373786518776
74 0.373079742053
265 0.372515153936
625 0.370293662384
878 0.369683299318
42 0.369473096524
985 0.369395246016
504 0.368320340485
27 0.367740343999
519 0.366675199804
90 0.366141592786
335 0.365912965229
918 0.36587606132
706 0.361792884797
63 0.361047262545
342 0.360837273711
909 0.358077877833
956 0.357837185822
572 0.357535632435
996 0.357466553975
558 0.357091633042
25 0.353914080181
400 0.352993162291
409 0.352772864483
748 0.352097091194
364 0.351785952233
446 0.351737209657
833 0.350234434297
735 0.349747428384
410 0.347840942308
560 0.346014784909
931 0.345841723063
820 0.345752499453
274 0.343279723015
277 0.343275213519
573 0.34187975721
857 0.341766535502
127 0.340063299467
587 0.339110970135
792 0.337365873742
848 0.335784682658
260 0.335042052093
970 0.334975883449
711 0.33390221879
858 0.331296405556
94 0.330801422013
426 0.330672459149
722 0.329364170599
974 0.328606003038
571 0.326493811913
811 0.326255804719
98 0.326115945784
444 0.325382346621
851 0.321656713492
163 0.321046823275
555 0.320339867645
778 0.31957937583
137 0.319087075422
612 0.316306366617
567 0.312953353455
632 0.311656842919
53 0.311291108949
195 0.309172758202
92 0.309082341023
575 0.306904432178
709 0.306840877055
83 0.306386981678
962 0.305856192997
668 0.305282245543
819 0.304929392374
887 0.304782297942
731 0.304633428034
191 0.303502887843
697 0.303235637116
19 0.302071401292
270 0.301818254146
566 0.301199010212
176 0.300922030048
448 0.300274501617
822 0.298199960043
434 0.297862100017
550 0.297452191805
562 0.297048505326
679 0.295519061854
798 0.295492283001
339 0.295275523721
447 0.29260685792
971 0.291900252003
237 0.288631381948
347 0.287841529137
895 0.287140798313
636 0.286814528248
1 0.284293714726
765 0.282503086848
286 0.28213784055
855 0.281675263346
486 0.279445136709
829 0.279098357214
657 0.278548523021
263 0.278471031975
257 0.277704174442
455 0.276306033742
849 0.27556065609
305 0.273918691532
148 0.272801054505
325 0.270780408866
654 0.269942183812
13 0.269521007289
595 0.268606963082
888 0.268479987945
719 0.266845565006
586 0.265639069042
795 0.264266070196
349 0.264050507563
492 0.263365907516
656 0.262465306296
119 0.261881742294
639 0.261635002131
545 0.260691661567
39 0.258454545677
678 0.258047163927
133 0.255861593483
600 0.255832806952
183 0.254897015189
911 0.253637572196
921 0.252077904402
178 0.25070849799
846 0.248919199906
24 0.247912170507
847 0.246054982929
59 0.245897730849
961 0.245858130809
987 0.243674348599
203 0.241803552865
288 0.239340985632
589 0.239101560966
478 0.238460344836
334 0.238408677644
631 0.238292024968
368 0.237590504838
688 0.237283082306
440 0.237081414177
514 0.234699457719
147 0.234399618072
396 0.231308125444
419 0.229907298372
481 0.22967159418
248 0.228765853813
690 0.228723697125
994 0.22739560178
159 0.22594415441
134 0.22358354365
341 0.223484671112
50 0.220572107751
297 0.220496211396
877 0.219962716018
908 0.219353170884
324 0.218785218268
763 0.216727526744
516 0.216693250538
740 0.214991768505
155 0.213736615079
951 0.209980339176
156 0.209953285249
331 0.209730826081
332 0.208872319525
620 0.208556800771
132 0.208337647858
64 0.207929882727
292 0.207768052137
121 0.20681666495
564 0.205777190674
873 0.205758463564
476 0.20342608015
661 0.203405869476
859 0.203174626098
926 0.202635832136
655 0.201946320649
590 0.197770698313
662 0.196515752096
508 0.196486579362
293 0.195097077408
296 0.194629002337
815 0.194295498611
793 0.193212547547
231 0.193114110133
38 0.192780749603
373 0.19277350614
320 0.19133998367
411 0.191222214149
760 0.189049765586
633 0.186361086132
665 0.185904336328
259 0.1858963938
252 0.185000805519
68 0.184058765052
253 0.182945735093
599 0.182859165515
70 0.182198067382
171 0.179710410781
65 0.178344134122
541 0.178150713277
318 0.177421860645
439 0.177378519385
574 0.175255419231
169 0.173248325742
754 0.172785644683
524 0.169486347555
377 0.169075528362
576 0.168553037952
543 0.167120020945
799 0.167086448385
627 0.166191188618
882 0.165767238229
351 0.165717049871
340 0.163035808416
103 0.157981841912
365 0.156984889902
350 0.156354670113
47 0.150557632342
101 0.148868001933
826 0.145556691785
521 0.144059927224
904 0.143524164277
642 0.143515277343
179 0.142140819305
112 0.141758410843
604 0.141178922122
984 0.140174160645
932 0.139565469047
445 0.138277970439
381 0.138160336445
149 0.137976305587
533 0.134798843293
896 0.132460605125
316 0.132240731809
230 0.131855739156
153 0.129706235545
685 0.129630639971
883 0.128920624956
43 0.128480451241
945 0.128427992403
395 0.128383452944
641 0.127158992287
635 0.126042228738
729 0.125552369202
813 0.125011619282
725 0.124923400741
528 0.12429390028
12 0.123519526299
451 0.123373217876
767 0.122496414632
21 0.121958759467
944 0.121551826351
669 0.120339556119
226 0.119501359178
644 0.119413029202
910 0.11857717424
470 0.117939119329
272 0.11587429019
490 0.115184557956
491 0.114297914949
105 0.11421509924
902 0.114161036297
362 0.113977016069
501 0.11390398521
45 0.113895008868
812 0.112283680909
465 0.111977852554
238 0.111684655825
144 0.105937890474
638 0.10499626578
730 0.104739468829
136 0.102920626517
113 0.102515944117
207 0.102254149773
698 0.1013048195
2 0.1012714067
695 0.100294412993
588 0.0990372703526
55 0.0976911683104
671 0.0967342543589
100 0.0965961158956
694 0.0940264831928
723 0.0926010896812
785 0.0911074157836
427 0.0878192347673
579 0.0865087092447
295 0.0851505182553
556 0.0851445318841
290 0.0826166099148
536 0.0824733316055
393 0.0817790166125
738 0.0813841206678
79 0.0776237389272
379 0.0775238805079
188 0.077403231963
14 0.0767032786985
236 0.0763325405752
628 0.0755713876059
782 0.0747965272509
950 0.0739767312663
845 0.071539271948
403 0.0696888911425
623 0.0676872220223
630 0.0671792244245
496 0.0641539502895
345 0.063861612054
983 0.0604473861113
843 0.0599217698115
802 0.0594847198357
258 0.0592967184512
999 0.0583579087565
960 0.0551615973917
646 0.054068923481
37 0.0540438391079
640 0.0532286739187
779 0.0524400900802
542 0.0522965736192
922 0.0511282494769
314 0.0503444926071
831 0.049609483855
787 0.0494898639797
315 0.0488449488772
583 0.0482911291843
369 0.0470355269174
185 0.0462044297077
29 0.0456171947434
397 0.0445016022554
930 0.0438631223547
720 0.0435628247654
619 0.043123129607
753 0.0418621789808
281 0.0408418963045
608 0.0402346308078
737 0.0397220064757
93 0.0393063841898
141 0.0379274303317
187 0.0372610922547
844 0.0358237053742
488 0.0343014880554
267 0.0330848150421
357 0.0316971882617
518 0.0309166885557
786 0.0303841751014
551 0.0299945648543
714 0.0287028459052
531 0.0272092537035
966 0.0265697465219
919 0.0262334848998
33 0.0259165363727
978 0.0257714858842
164 0.023221133432
278 0.0220614207467
505 0.0213578592223
280 0.0182577911996
733 0.0171924639559
734 0.0169277563194
227 0.0160672469224
584 0.0157715247068
949 0.0156823875178
241 0.0127211715782
310 0.0114076810801
201 0.0106470349161
319 0.0063830265551
386 0.00512663872118
165 0.00397278187701
511 0.0021156889572
538 0.00155953340619
860 0.000807347837017